3 53 
12 94 
54 53 
87 79 
70 96 
95 63 
32 48 
97 62 
1 42 
20 28 
94 1 
45 11 
49 83 
93 6 
7 87 
51 13 
26 13 
71 26 
10 9 
85 1 
55 19 
89 64 
7 14 
96 6 
42 88 
7 71 
15 11 
7 1 
92 18 
11 1 
95 7 
30 7 
27 24 
36 45 
7 76 
62 64 
8 14 
72 39 
99 60 
15 21 
74 64 
75 25 
5 84 
64 89 
17 18 
4 41 
54 41 
53 27 
30 41 
82 71 
71 100 
21 8 
96 49 
99 3 
14 17 
11 35 
24 65 
12 4 
98 91 
25 33 
54 60 
26 89 
40 91 
2 69 
21 2 
29 97 
83 45 
59 24 
85 41 
16 82 
63 2 
23 32 
63 27 
82 76 
7 69 
57 20 
6 24 
29 45 
41 81 
11 55 
15 65 
97 84 
56 90 
12 85 
8 51 
73 53 
73 80 
56 67 
77 17 
99 59 
79 39 
27 89 
22 85 
9 10 
77 71 
71 66 
77 68 
49 99 
6 55 
11 7 
82 49 
90 86 
39 88 
2 55 
4 79 
82 90 
15 61 
63 59 
81 37 
14 62 
32 31 
6 19 
20 80 
98 85 
26 99 
83 100 
53 41 
80 71 
38 58 
82 57 
53 43 
37 76 
66 99 
39 65 
17 99 
61 79 
86 23 
70 85 
70 8 
36 29 
27 46 
100 93 
29 84 
52 20 
92 37 
16 72 
95 74 
8 46 
2 88 
30 14 
45 82 
32 82 
46 86 
18 39 
100 79 
15 60 
10 74 
67 71 
75 2 
25 43 
25 22 
12 87 
28 44 
93 46 
18 66 
52 39 
2 99 
38 52 
96 92 
53 63 
83 3 
98 52 
66 75 
67 66 
86 4 
53 24 
23 77 
37 91 
29 22 
74 60 
67 90 
67 46 
60 78 
19 23 
11 4 
16 28 
100 74 
100 47 
85 79 
35 30 
3 19 
16 19 
85 63 
65 81 
46 46 
14 9 
81 36 
37 66 
83 2 
64 56 
28 95 
90 6 
11 96 
94 52 
78 65 
10 81 
51 45 
46 89 
61 16 
36 67 
84 91 
86 39 
78 40 
45 34 
9 91 
25 45 
14 59 
21 6 
87 45 
3 68 
53 50 
3 52 
59 14 
11 63 
69 11 
97 92 
39 49 
37 56 
21 75 
57 10 
2 29 
28 50 
53 53 
72 49 
45 8 
46 8 
49 78 
94 95 
24 32 
58 4 
88 66 
30 45 
23 31 
58 62 
68 65 
2 49 
35 31 
48 49 
89 44 
81 26 
67 68 
3 6 
87 69 
70 56 
64 96 
77 93 
28 43 
78 15 
76 7 
77 84 
36 96 
85 10 
63 14 
77 18 
10 15 
26 93 
39 34 
74 94 
26 41 
29 65 
92 40 
81 8 
38 39 
38 92 
67 1 
80 59 
13 20 
88 22 
83 69 
18 28 
18 56 
96 71 
45 49 
12 90 
29 47 
37 72 
98 21 
47 80 
11 79 
18 9 
54 25 
84 72 
65 70 
33 45 
27 28 
86 18 
52 21 
56 58 
36 9 
39 60 
15 71 
69 11 
96 35 
29 92 
99 24 
20 93 
49 60 
36 12 
50 50 
27 42 
71 26 
90 6 
86 67 
85 96 
8 26 
42 32 
42 94 
75 51 
87 32 
53 54 
13 27 
64 44 
64 26 
60 45 
17 6 
11 39 
6 1 
79 27 
64 5 
52 24 
66 84 
56 94 
87 71 
73 3 
35 61 
3 82 
10 15 
87 56 
99 72 
92 28 
8 95 
11 69 
3 58 
48 55 
20 26 
71 22 
83 70 
19 33 
86 37 
65 51 
3 87 
92 75 
72 41 
65 7 
2 89 
44 60 
15 46 
90 45 
70 15 
73 30 
77 40 
47 61 
21 59 
67 9 
14 25 
77 66 
44 84 
95 26 
77 15 
74 96 
43 29 
46 6 
16 95 
73 6 
47 26 
30 91 
75 22 
73 93 
23 77 
19 45 
9 9 
18 49 
41 23 
94 35 
51 46 
48 71 
55 16 
28 6 
52 92 
30 18 
72 91 
46 90 
42 21 
30 11 
19 74 
85 28 
99 42 
23 65 
77 17 
79 100 
82 56 
67 34 
31 38 
76 25 
9 88 
41 95 
15 10 
21 28 
75 36 
56 58 
12 46 
76 96 
73 50 
59 50 
60 50 
39 60 
30 29 
26 57 
97 19 
90 74 
69 39 
5 54 
66 50 
71 46 
34 76 
33 74 
2 89 
32 87 
68 97 
5 71 
75 68 
81 8 
1 63 
49 19 
24 9 
28 27 
49 96 
52 50 
52 10 
74 63 
65 36 
21 70 
38 56 
63 40 
79 16 
53 89 
10 56 
88 1 
25 31 
30 97 
64 38 
51 51 
56 81 
68 92 
22 100 
24 13 
28 45 
44 48 
99 95 
4 50 
49 9 
58 54 
40 21 
73 47 
88 61 
77 83 
34 40 
81 75 
28 28 
24 49 
60 61 
57 26 
80 95 
70 10 
89 91 
66 89 
49 76 
99 47 
34 53 
30 44 
48 75 
32 33 
21 29 
28 19 
60 72 
20 67 
66 57 
1 78 
13 66 
22 73 
19 53 
92 62 
62 49 
93 87 
33 74 
39 54 
81 21 
36 96 
59 6 
79 96 
13 75 
25 34 
55 70 
25 53 
71 82 
80 29 
8 22 
37 34 
31 56 
92 21 
100 12 
92 76 
16 30 
78 22 
3 12 
14 94 
84 56 
21 30 
91 85 
22 57 
47 75 
93 95 
76 28 
31 47 
75 31 
58 96 
67 82 
4 75 
40 3 
94 81 
44 7 
11 62 
12 5 
50 76 
43 58 
62 81 
72 14 
77 66 
83 89 
5 64 
1 94 
31 34 
85 42 
91 83 
29 58 
10 97 
71 18 
71 51 
90 65 
41 47 
30 26 
35 22 
56 92 
1 82 
35 3 
39 83 
63 38 
54 55 
96 75 
26 73 
24 21 
34 14 
42 93 
3 8 
63 59 
93 50 
90 40 
21 44 
100 37 
71 19 
64 69 
19 88 
15 66 
90 28 
81 48 
17 80 
56 81 
86 61 
74 40 
73 58 
16 88 
23 88 
45 61 
60 42 
90 83 
15 46 
15 49 
79 19 
32 11 
70 54 
63 1 
83 19 
69 21 
47 14 
92 50 
50 75 
38 86 
22 83 
94 7 
32 81 
76 80 
97 39 
85 15 
86 43 
38 3 
56 17 
21 67 
83 84 
59 80 
9 5 
45 61 
36 13 
75 39 
79 35 
39 70 
50 79 
34 73 
82 87 
5 70 
53 60 
98 35 
34 63 
57 71 
83 94 
22 36 
1 2 
72 11 
42 88 
16 80 
48 86 
15 41 
3 22 
57 34 
99 69 
1 54 
57 27 
85 69 
15 54 
21 46 
38 46 
95 34 
10 77 
93 7 
91 36 
55 22 
14 42 
5 34 
11 15 
74 89 
76 35 
96 49 
73 70 
23 63 
85 58 
90 74 
42 78 
51 92 
13 55 
46 10 
7 19 
74 90 
88 88 
26 64 
90 3 
79 64 
52 18 
89 86 
47 36 
54 36 
94 75 
62 50 
56 21 
99 25 
48 2 
53 18 
89 73 
59 12 
37 20 
97 3 
69 47 
37 38 
98 12 
45 41 
32 91 
10 42 
4 89 
82 67 
74 6 
35 72 
34 69 
16 88 
6 25 
62 12 
18 15 
86 71 
73 2 
1 9 
65 72 
48 39 
71 78 
34 69 
37 18 
80 63 
23 51 
92 14 
85 77 
82 89 
5 96 
41 14 
73 35 
19 27 
44 6 
41 95 
62 80 
61 76 
36 77 
69 5 
45 30 
33 17 
100 18 
63 29 
57 42 
70 62 
27 31 
76 47 
71 20 
89 11 
80 95 
6 5 
31 71 
53 71 
95 81 
26 95 
24 15 
25 32 
15 16 
63 36 
49 95 
70 39 
39 46 
57 96 
30 5 
78 72 
71 16 
67 58 
68 34 
46 99 
91 59 
9 31 
37 3 
19 42 
86 5 
66 76 
12 31 
96 72 
36 12 
32 76 
55 49 
82 53 
98 57 
42 80 
86 99 
100 64 
22 77 
69 43 
23 25 
17 59 
27 38 
43 31 
3 10 
12 62 
93 14 
83 93 
5 55 
81 94 
15 20 
87 8 
2 47 
10 70 
72 64 
25 30 
61 37 
3 2 
76 77 
66 49 
20 9 
12 17 
4 51 
43 38 
82 11 
22 14 
41 59 
18 99 
54 16 
40 21 
11 2 
72 64 
95 6 
21 74 
93 8 
93 54 
11 28 
73 75 
57 87 
14 29 
54 41 
89 86 
76 51 
71 47 
75 89 
91 59 
90 4 
45 86 
80 73 
7 34 
45 29 
99 51 
38 30 
38 59 
81 14 
31 61 
8 95 
31 84 
9 83 
85 37 
19 36 
2 96 
38 52 
35 89 
41 6 
64 100 
95 36 
14 48 
2 33 
51 40 
7 4 
25 7 
100 90 
77 83 
28 69 
60 54 
97 79 
40 75 
43 53 
12 80 
82 17 
42 68 
95 15 
7 10 
56 95 
8 29 
94 73 
55 28 
23 44 
96 67 
36 94 
86 3 
100 35 
91 58 
9 69 
99 94 
69 25 
37 94 
4 88 
32 73 
37 40 
93 63 
78 21 
44 60 
81 49 
62 50 
70 9 
41 25 
64 10 
48 85 
47 54 
60 40 
29 3 
99 71 
87 45 
51 40 
11 68 
93 9 
85 74 
99 5 
73 32 
76 41 
65 50 
71 53 
9 70 
8 57 
8 11 
60 59 
53 50 
27 93 
83 100 
5 81 
33 24 
70 50 
24 62 
12 37 
80 54 
67 49 
80 76 
94 2 
82 75 
12 39 
45 66 
38 4 
16 26 
89 94 
3 14 
54 41 
7 53 
100 28 
87 6 
78 73 
24 76 
85 43 
44 89 
35 57 
63 3 
1 19 
70 73 
17 62 
82 12 
67 60 
57 64 
67 50 
59 42 
27 97 
64 92 
5 51 
12 56 
75 88 
10 46 
85 77 
91 15 
76 51 
52 31 
78 75 
100 53 
96 2 
51 43 
83 87 
27 2 
54 69 
45 74 
56 25 
42 89 
10 8 
34 14 
24 59 
2 40 
14 47 
77 95 
17 22 
65 91 
15 3 
10 84 
15 100 
19 25 
86 65 
51 98 
49 53 
72 2 
39 94 
63 99 
6 80 
37 37 
30 64 
85 6 
57 9 
28 51 
94 52 
88 23 
67 23 
1 28 
96 12 
9 24 
79 25 
55 71 
40 83 
76 85 
60 27 
10 10 
44 20 
55 17 
25 10 
23 8 
62 26 
62 65 
41 7 
84 54 
94 40 
75 3 
94 16 
11 96 
68 6 
14 29 
79 17 
58 12 
45 41 
5 87 
45 13 
72 87 
41 83 
62 85 
71 32 
31 33 
6 76 
6 6 
42 94 
11 49 
100 33 
57 76 
50 58 
57 15 
85 25 
58 72 
11 12 
39 49 
9 46 
44 47 
64 2 
27 3 
98 55 
41 100 
70 94 
94 14 
45 46 
76 7 
7 27 
23 99 
78 39 
32 6 
19 72 
23 95 
69 34 
79 47 
74 5 
84 24 
42 86 
15 100 
26 16 
68 58 
65 75 
36 91 
15 13 
58 43 
99 64 
16 39 
21 43 
10 95 
17 100 
14 58 
96 67 
43 15 
8 5 
49 94 
40 11 
54 11 
74 12 
37 70 
53 90 
89 71 
19 33 
33 55 
97 39 
59 21 
94 32 
10 60 
4 95 
28 14 
83 83 
62 94 
62 3 
76 20 
6 27 
31 96 
19 56 
91 11 
62 26 
39 69 
60 42 
75 67 
41 20 
1 13 
67 33 
77 96 
51 52 
100 35 
46 82 
14 22 
35 52 
56 43 
49 30 
17 81 
65 11 
90 15 
96 16 
12 55 
62 60 
52 87 
6 42 
1 76 
1 69 
87 45 
73 8 
55 65 
24 20 
75 78 
55 82 
89 40 
1 30 
61 63 
75 64 
39 77 
76 74 
90 97 
85 64 
94 67 
53 1 
63 37 
43 65 
71 53 
84 35 
54 27 
70 89 
26 42 
62 93 
94 71 
47 30 
35 58 
86 46 
59 56 
86 5 
53 11 
74 60 
89 97 
94 47 
16 87 
83 34 
23 21 
30 9 
37 25 
86 11 
54 100 
35 23 
75 36 
83 88 
34 11 
6 64 
49 41 
46 10 
84 35 
53 7 
14 50 
35 100 
8 41 
62 12 
43 82 
49 40 
66 84 
46 90 
44 36 
70 75 
56 27 
20 72 
90 19 
23 41 
49 64 
26 19 
83 27 
73 2 
39 64 
54 25 
35 68 
41 2 
13 40 
61 37 
83 32 
51 3 
55 56 
81 97 
78 84 
58 29 
24 59 
76 14 
100 27 
52 25 
79 66 
45 6 
44 34 
65 32 
43 35 
35 100 
27 31 
98 35 
79 38 
53 18 
29 25 
45 64 
6 55 
68 38 
95 88 
99 50 
88 33 
29 89 
17 59 
71 97 
20 51 
63 22 
64 96 
80 91 
53 44 
37 15 
38 92 
44 53 
78 18 
29 8 
53 63 
36 63 
93 37 
77 70 
19 75 
11 99 
95 41 
73 84 
9 88 
10 44 
48 4 
57 30 
18 14 
11 10 
55 85 
11 99 
84 19 
46 35 
91 23 
92 53 
58 10 
35 91 
91 46 
15 12 
71 46 
4 49 
43 31 
31 100 
84 71 
73 96 
65 21 
11 68 
40 90 
8 52 
2 11 
70 19 
57 95 
25 53 
79 66 
31 44 
22 12 
76 69 
16 19 
93 77 
69 98 
68 90 
47 81 
33 54 
23 49 
33 3 
67 65 
91 50 
61 93 
1 24 
9 51 
65 59 
66 39 
43 97 
37 34 
61 54 
79 84 
93 22 
90 9 
27 10 
95 95 
12 9 
32 90 
60 28 
20 75 
31 18 
88 89 
35 5 
34 59 
3 13 
63 31 
84 27 
59 59 
77 81 
16 77 
2 8 
70 11 
1 36 
99 49 
41 96 
25 62 
4 89 
41 18 
9 29 
52 12 
5 28 
76 13 
68 15 
63 40 
95 83 
32 4 
97 71 
77 67 
10 57 
23 34 
64 21 
27 67 
24 79 
25 66 
46 5 
61 32 
41 70 
43 76 
32 97 
16 81 
35 1 
20 45 
27 37 
67 90 
81 78 
73 36 
73 1 
89 94 
30 57 
67 16 
50 62 
27 72 
58 36 
92 18 
18 41 
34 98 
11 44 
51 59 
100 21 
20 77 
57 22 
99 16 
48 100 
80 99 
7 57 
41 54 
31 87 
66 64 
56 35 
83 6 
83 66 
60 52 
67 89 
100 38 
15 30 
7 25 
8 66 
79 63 
33 100 
92 91 
90 79 
80 32 
82 93 
40 30 
25 43 
66 79 
6 60 
5 61 
59 23 
43 86 
91 54 
62 80 
90 14 
49 16 
73 34 
73 53 
49 38 
87 42 
32 65 
82 91 
69 23 
53 60 
15 92 
6 10 
74 90 
49 83 
1 5 
12 9 
64 17 
30 2 
24 14 
64 8 
38 8 
13 78 
18 40 
15 27 
75 79 
100 79 
77 7 
54 39 
29 99 
21 62 
33 51 
27 71 
3 40 
40 65 
13 70 
64 100 
71 15 
57 85 
75 28 
48 95 
34 41 
23 8 
15 95 
34 98 
47 88 
48 42 
16 70 
36 69 
14 40 
85 67 
19 11 
16 69 
64 37 
37 59 
45 78 
81 60 
37 6 
89 85 
30 83 
66 6 
92 1 
32 61 
18 100 
21 95 
56 41 
50 24 
10 36 
26 35 
92 55 
27 20 
11 74 
14 57 
19 54 
2 57 
56 7 
26 34 
98 55 
61 34 
17 32 
90 24 
4 30 
64 77 
35 99 
87 37 
89 77 
84 93 
53 49 
58 12 
24 99 
45 50 
6 36 
82 79 
82 25 
33 37 
81 22 
8 36 
43 9 
24 80 
98 23 
59 47 
23 57 
63 29 
87 9 
92 65 
70 8 
71 89 
43 35 
78 65 
27 31 
76 44 
24 6 
35 72 
33 58 
8 56 
54 39 
68 64 
25 65 
87 11 
35 63 
35 36 
54 60 
33 60 
42 28 
67 24 
98 9 
35 64 
41 7 
38 19 
47 64 
82 87 
54 48 
74 84 
23 38 
29 1 
18 100 
29 16 
26 76 
66 62 
49 1 
99 81 
80 10 
53 76 
68 48 
45 81 
94 11 
32 53 
6 90 
97 39 
3 94 
68 49 
11 63 
30 77 
53 8 
8 96 
84 31 
3 81 
98 42 
12 14 
1 3 
14 82 
76 86 
12 24 
96 84 
53 61 
97 59 
16 62 
62 76 
10 27 
20 89 
47 11 
95 37 
16 49 
64 29 
8 69 
20 57 
89 98 
65 46 
17 45 
73 89 
44 86 
32 30 
20 43 
96 14 
96 38 
66 100 
66 33 
88 100 
10 51 
5 19 
55 58 
41 62 
76 29 
21 60 
94 45 
49 98 
20 54 
74 36 
83 13 
78 4 
72 22 
93 12 
64 7 
100 35 
27 43 
29 67 
42 95 
18 27 
61 31 
33 37 
46 77 
24 89 
54 81 
31 12 
50 15 
6 98 
91 42 
13 3 
76 8 
32 47 
50 22 
92 34 
55 58 
53 88 
28 18 
18 35 
17 36 
26 74 
2 39 
92 83 
90 51 
61 39 
83 22 
17 17 
73 21 
24 59 
98 78 
35 44 
27 91 
38 30 
98 35 
86 57 
21 25 
44 89 
65 38 
81 31 
58 98 
68 18 
92 58 
90 75 
52 14 
80 10 
25 49 
34 23 
67 33 
89 6 
72 17 
96 72 
26 12 
47 44 
96 71 
71 68 
100 55 
67 47 
20 99 
85 33 
16 19 
68 75 
53 74 
26 31 
81 25 
97 79 
1 31 
53 18 
90 26 
56 35 
7 9 
2 62 
71 40 
68 97 
63 34 
39 84 
80 21 
75 43 
54 59 
15 58 
48 76 
83 50 
37 19 
5 37 
53 33 
27 48 
47 79 
41 59 
45 1 
72 25 
93 85 
50 92 
63 89 
13 24 
15 16 
23 86 
3 99 
27 95 
23 94 
3 72 
26 58 
79 74 
24 97 
100 6 
76 91 
39 62 
34 1 
41 27 
80 71 
69 63 
49 36 
86 100 
51 66 
9 74 
57 52 
51 51 
8 37 
84 27 
53 98 
88 13 
74 82 
79 45 
8 6 
25 5 
65 79 
28 77 
16 32 
56 57 
31 45 
75 29 
64 25 
95 4 
92 13 
95 69 
29 5 
95 38 
65 11 
31 98 
95 55 
42 92 
7 27 
14 89 
52 74 
78 16 
66 39 
37 83 
56 47 
93 54 
17 85 
99 80 
81 67 
91 49 
87 49 
63 71 
19 35 
55 6 
48 31 
61 63 
90 50 
34 83 
82 27 
51 97 
21 8 
87 25 
59 91 
47 86 
20 20 
21 59 
36 95 
35 15 
3 77 
34 63 
33 75 
11 61 
96 39 
41 61 
19 32 
1 39 
11 58 
38 27 
59 87 
39 71 
76 19 
73 23 
69 63 
35 85 
76 22 
25 10 
76 33 
21 53 
86 5 
55 10 
80 47 
9 31 
82 44 
51 11 
7 47 
66 15 
97 58 
80 49 
8 64 
18 37 
59 100 
24 61 
73 97 
58 14 
63 98 
39 26 
27 83 
51 62 
42 23 
35 90 
35 91 
19 84 
45 17 
70 48 
78 9 
10 96 
24 17 
16 24 
53 31 
90 10 
64 49 
18 78 
100 79 
5 89 
63 17 
46 98 
82 76 
31 6 
76 28 
81 2 
87 69 
35 5 
74 74 
7 36 
37 53 
25 65 
37 94 
93 71 
28 17 
63 41 
94 96 
58 44 
3 39 
94 86 
63 26 
98 10 
36 49 
46 85 
26 65 
1 89 
24 28 
7 84 
74 37 
33 35 
94 62 
71 7 
31 65 
5 46 
84 32 
78 90 
28 39 
70 82 
31 75 
68 9 
70 53 
86 45 
17 97 
21 5 
41 1 
12 81 
100 39 
55 100 
67 10 
23 83 
86 95 
85 81 
7 9 
49 72 
59 93 
80 94 
6 8 
3 84 
30 3 
58 97 
40 19 
38 64 
33 61 
46 4 
23 100 
97 82 
36 60 
31 71 
54 68 
76 85 
39 70 
90 67 
30 35 
66 29 
97 92 
78 82 
7 61 
57 28 
78 21 
9 41 
42 5 
45 19 
3 94 
96 96 
88 3 
43 88 
80 75 
87 90 
99 73 
32 15 
70 77 
5 87 
19 60 
87 59 
66 32 
34 1 
60 88 
4 98 
51 78 
25 14 
65 83 
37 78 
92 54 
59 86 
67 78 
62 62 
42 83 
79 42 
88 18 
75 64 
85 63 
90 72 
18 90 
83 93 
60 56 
81 100 
13 20 
27 19 
43 18 
40 100 
65 52 
38 24 
92 2 
57 50 
46 98 
100 65 
32 55 
28 47 
24 30 
73 63 
33 96 
30 66 
84 38 
93 83 
61 95 
86 59 
87 68 
80 22 
29 53 
25 57 
71 37 
71 62 
13 89 
32 82 
53 36 
91 44 
71 68 
92 93 
80 21 
38 68 
6 1 
9 10 
64 3 
26 33 
38 85 
87 96 
40 89 
99 16 
88 85 
9 21 
9 97 
22 29 
59 32 
4 89 
92 19 
93 36 
33 42 
96 69 
89 76 
58 11 
60 24 
57 80 
59 46 
64 47 
49 26 
35 84 
65 21 
45 69 
25 72 
5 24 
10 92 
29 64 
69 74 
50 34 
37 38 
54 33 
47 31 
58 84 
46 52 
91 76 
98 76 
15 34 
19 84 
72 48 
4 59 
5 12 
40 49 
38 42 
54 87 
19 2 
84 81 
6 6 
36 10 
15 17 
53 19 
92 31 
1 2 
93 32 
88 49 
39 17 
85 82 
42 82 
11 6 
89 81 
7 53 
94 28 
28 40 
3 31 
51 88 
88 35 
13 71 
40 72 
22 76 
60 5 
91 91 
74 19 
36 49 
23 4 
78 90 
45 23 
94 65 
51 58 
92 54 
78 6 
13 75 
19 100 
23 75 
14 76 
42 93 
79 11 
80 38 
19 51 
8 88 
70 38 
74 35 
85 29 
18 67 
26 88 
49 98 
40 6 
15 100 
95 96 
78 49 
70 5 
3 28 
42 50 
21 36 
40 17 
74 79 
20 19 
54 38 
46 55 
39 36 
97 38 
66 72 
99 77 
65 59 
35 82 
57 97 
11 15 
82 1 
68 16 
54 49 
54 88 
15 73 
44 89 
63 78 
23 78 
11 36 
43 38 
86 64 
55 43 
27 25 
96 45 
98 64 
37 72 
34 77 
17 16 
80 10 
49 54 
26 48 
30 44 
94 99 
48 52 
74 7 
59 14 
87 72 
49 69 
45 20 
20 22 
66 31 
7 6 
30 38 
22 82 
1 97 
78 54 
42 11 
88 9 
70 34 
3 75 
17 61 
75 77 
23 35 
40 91 
99 30 
79 67 
27 35 
50 13 
27 31 
65 66 
18 50 
76 75 
17 18 
31 7 
90 52 
94 72 
54 18 
52 44 
29 95 
91 57 
59 70 
7 37 
73 5 
9 56 
82 18 
11 85 
4 8 
8 77 
88 70 
14 83 
2 67 
84 50 
11 30 
42 35 
47 55 
48 12 
19 7 
17 22 
64 25 
34 10 
46 15 
62 56 
77 47 
73 55 
49 46 
65 33 
29 93 
28 85 
26 29 
88 12 
94 66 
74 23 
96 30 
15 84 
75 37 
60 44 
88 40 
33 75 
53 37 
78 14 
32 63 
15 50 
2 90 
52 53 
5 8 
25 84 
93 72 
3 97 
16 94 
77 62 
59 96 
65 57 
63 25 
43 7 
13 14 
53 87 
40 60 
38 51 
99 18 
27 66 
49 73 
6 75 
60 64 
43 75 
8 21 
47 56 
50 30 
40 28 
49 71 
94 22 
70 83 
81 98 
37 86 
29 72 
50 87 
9 100 
89 54 
23 5 
63 96 
73 70 
21 19 
78 28 
37 99 
88 82 
77 50 
20 36 
12 71 
49 54 
74 34 
17 40 
75 100 
68 37 
75 44 
85 46 
63 21 
81 26 
10 40 
22 46 
59 21 
20 85 
47 63 
75 48 
67 44 
18 99 
32 53 
96 78 
13 29 
98 39 
72 62 
67 49 
67 53 
54 27 
19 73 
61 29 
9 65 
34 95 
84 84 
68 37 
56 41 
10 43 
89 23 
50 13 
76 75 
41 32 
84 6 
62 4 
65 93 
39 16 
59 36 
55 99 
3 56 
91 23 
99 99 
37 19 
81 11 
69 4 
31 53 
47 9 
34 45 
29 43 
62 6 
4 32 
88 11 
39 19 
58 45 
76 66 
54 86 
70 37 
32 44 
42 96 
43 73 
21 37 
21 22 
90 28 
44 43 
64 54 
17 21 
73 25 
67 11 
28 10 
62 39 
3 47 
31 49 
38 20 
82 6 
71 77 
26 10 
37 79 
13 96 
51 58 
30 13 
43 90 
63 70 
56 20 
26 3 
5 37 
43 100 
63 5 
61 74 
8 32 
66 58 
99 20 
13 8 
58 74 
91 39 
72 56 
52 26 
56 18 
35 79 
20 8 
65 21 
88 62 
26 65 
41 92 
73 86 
89 100 
22 6 
13 83 
93 59 
78 82 
10 72 
15 98 
21 57 
98 67 
27 90 
54 11 
95 74 
81 12 
19 44 
96 14 
74 84 
8 87 
88 58 
23 49 
26 74 
96 40 
44 6 
73 73 
21 51 
10 54 
73 74 
23 61 
96 61 
14 15 
35 44 
48 36 
2 79 
83 42 
44 58 
58 2 
12 6 
59 64 
5 100 
82 31 
25 31 
14 39 
65 10 
46 33 
92 29 
42 90 
76 53 
93 66 
5 56 
5 21 
28 64 
7 77 
41 34 
80 20 
48 17 
82 64 
32 43 
33 69 
38 34 
43 87 
93 90 
48 46 
99 27 
82 20 
40 62 
50 11 
11 42 
65 30 
39 92 
60 30 
33 95 
68 9 
77 4 
65 56 
65 37 
22 70 
14 14 
92 70 
6 37 
80 90 
66 7 
70 78 
64 49 
18 20 
46 3 
26 26 
55 27 
66 71 
3 48 
76 96 
80 39 
63 67 
12 62 
51 48 
19 54 
38 76 
79 42 
6 79 
36 100 
87 46 
58 34 
82 70 
31 57 
87 30 
7 100 
45 56 
63 7 
53 67 
39 24 
45 50 
70 30 
94 78 
78 66 
81 38 
68 76 
82 6 
52 78 
26 82 
98 88 
11 54 
87 18 
55 17 
38 56 
10 71 
25 26 
79 6 
65 38 
33 36 
63 5 
21 70 
56 30 
69 55 
71 95 
49 56 
14 5 
97 94 
88 11 
53 70 
36 26 
4 61 
100 81 
96 91 
87 74 
19 33 
46 71 
41 23 
54 100 
25 18 
84 7 
6 98 
54 7 
42 87 
42 8 
23 8 
9 59 
56 19 
26 6 
17 64 
99 38 
19 65 
96 83 
8 4 
93 17 
33 66 
72 42 
14 50 
100 91 
6 62 
59 98 
50 3 
21 60 
78 94 
16 40 
60 40 
9 6 
100 88 
34 43 
74 55 
52 1 
5 63 
45 27 
3 63 
29 67 
78 70 
51 41 
62 6 
1 11 
99 70 
86 24 
39 5 
38 53 
60 14 
17 96 
70 51 
72 63 
24 74 
81 93 
85 56 
13 78 
10 43 
76 59 
11 66 
66 40 
26 7 
37 8 
79 85 
91 59 
15 76 
73 72 
68 98 
21 63 
37 8 
52 62 
95 52 
1 65 
91 87 
28 54 
19 61 
97 5 
50 15 
86 99 
4 43 
47 25 
48 78 
13 47 
73 62 
68 55 
16 84 
2 41 
72 64 
18 60 
64 36 
45 36 
71 7 
75 40 
28 52 
78 9 
42 24 
26 7 
50 85 
98 98 
94 36 
96 25 
22 34 
87 91 
43 13 
86 32 
26 31 
64 63 
90 61 
37 99 
68 58 
54 8 
74 33 
58 65 
64 100 
27 73 
72 92 
65 75 
9 6 
28 72 
41 14 
73 6 
44 75 
76 44 
61 31 
91 72 
93 58 
20 74 
51 89 
81 7 
9 33 
69 88 
67 92 
33 52 
28 95 
78 34 
63 44 
11 66 
26 24 
96 89 
40 81 
21 2 
35 53 
99 30 
78 52 
55 28 
70 45 
85 14 
72 17 
73 36 
91 11 
29 15 
67 62 
87 90 
99 50 
4 28 
52 12 
89 53 
9 95 
16 75 
5 24 
35 66 
99 55 
55 60 
73 30 
78 95 
49 85 
8 12 
86 55 
70 37 
85 78 
78 87 
32 91 
59 63 
52 33 
6 26 
41 14 
97 70 
92 7 
3 10 
54 35 
22 41 
54 1 
90 31 
12 18 
9 61 
43 93 
70 94 
46 98 
32 58 
29 34 
92 19 
63 74 
76 48 
44 69 
51 65 
97 57 
33 13 
38 92 
97 100 
39 7 
37 8 
69 3 
21 57 
32 69 
95 57 
9 46 
84 2 
40 27 
82 51 
63 68 
78 29 
98 41 
30 34 
39 8 
85 70 
51 2 
21 16 
90 15 
76 86 
25 12 
60 78 
27 23 
4 24 
90 98 
45 50 
38 48 
76 10 
98 97 
68 67 
98 47 
68 87 
85 54 
72 89 
92 58 
100 67 
63 66 
81 51 
99 60 
55 38 
55 41 
18 92 
54 33 
57 8 
24 3 
32 17 
62 56 
57 67 
100 52 
91 98 
8 82 
100 97 
98 3 
41 97 
40 26 
58 23 
73 68 
97 88 
1 20 
56 89 
48 24 
79 98 
46 30 
28 90 
53 5 
48 62 
71 90 
96 6 
19 1 
14 24 
20 85 
66 82 
66 57 
98 82 
79 63 
62 58 
39 57 
9 76 
100 49 
69 77 
35 91 
23 79 
76 38 
22 24 
54 19 
10 66 
100 88 
8 100 
54 26 
78 14 
88 88 
37 39 
68 93 
72 72 
36 30 
60 100 
47 77 
19 86 
43 70 
72 98 
68 25 
62 46 
65 1 
49 33 
81 90 
83 83 
87 27 
27 38 
72 100 
95 42 
47 90 
15 62 
32 8 
10 8 
49 12 
100 49 
32 63 
71 55 
94 38 
69 26 
63 72 
24 69 
51 5 
46 84 
98 99 
53 98 
100 91 
44 42 
52 40 
87 67 
41 2 
37 39 
18 53 
73 59 
10 64 
8 56 
16 9 
100 14 
9 81 
99 26 
50 11 
45 61 
76 59 
56 37 
14 50 
13 30 
32 23 
68 54 
63 91 
89 71 
46 39 
43 20 
16 59 
1 72 
46 15 
11 24 
18 57 
80 67 
13 56 
5 44 
30 46 
53 44 
50 26 
61 17 
12 93 
86 64 
53 74 
75 4 
10 14 
28 26 
31 18 
35 39 
23 92 
55 20 
44 21 
78 41 
11 47 
90 22 
97 95 
66 99 
11 87 
97 15 
11 93 
63 79 
69 2 
69 25 
82 15 
14 65 
77 6 
29 49 
46 2 
89 70 
21 3 
41 2 
5 37 
57 13 
26 15 
52 99 
100 37 
75 78 
60 95 
88 35 
58 21 
80 54 
79 41 
90 64 
94 83 
78 45 
95 14 
42 34 
61 85 
63 65 
26 96 
94 7 
59 99 
3 64 
60 22 
53 31 
17 17 
39 51 
11 75 
39 2 
5 16 
11 70 
94 85 
82 68 
60 23 
75 65 
7 97 
85 43 
32 42 
73 41 
32 28 
72 79 
36 45 
30 1 
74 26 
96 27 
94 18 
32 57 
47 34 
15 43 
80 75 
54 21 
37 5 
57 5 
96 17 
25 2 
19 61 
51 86 
28 32 
29 52 
66 30 
91 43 
70 62 
1 2 
33 51 
66 96 
70 77 
22 60 
78 81 
71 59 
46 100 
18 66 
9 53 
49 61 
22 75 
51 15 
78 91 
3 61 
86 25 
53 51 
66 72 
42 89 
37 35 
59 49 
10 81 
6 45 
63 17 
15 63 
29 4 
55 14 
27 10 
74 3 
29 14 
37 5 
42 69 
60 82 
81 11 
81 3 
25 60 
11 1 
55 71 
70 75 
32 69 
97 100 
66 74 
54 6 
63 64 
48 51 
68 33 
71 88 
91 15 
39 34 
9 84 
69 90 
31 4 
69 37 
51 61 
49 32 
54 59 
43 62 
38 78 
17 76 
13 66 
50 59 
29 94 
2 83 
12 55 
8 12 
75 33 
86 88 
60 30 
55 71 
19 1 
65 35 
34 58 
13 54 
43 84 
68 93 
66 47 
59 36 
10 51 
92 53 
22 69 
53 9 
54 90 
83 47 
1 43 
53 5 
46 8 
18 4 
58 3 
87 76 
52 53 
43 81 
71 63 
19 38 
10 81 
95 48 
11 52 
53 46 
85 82 
77 28 
97 71 
97 25 
77 63 
80 65 
17 93 
76 2 
4 41 
53 61 
47 72 
52 74 
55 24 
35 21 
1 82 
59 81 
46 92 
79 6 
92 5 
49 12 
92 49 
22 57 
98 60 
3 97 
54 69 
64 50 
30 74 
90 32 
63 68 
92 47 
72 49 
6 52 
48 19 
53 79 
95 77 
77 84 
29 59 
19 100 
78 67 
41 52 
85 34 
25 60 
17 3 
29 17 
92 84 
4 70 
35 96 
25 44 
13 43 
30 15 
92 100 
25 34 
59 70 
86 61 
83 19 
59 32 
90 100 
8 70 
63 41 
4 51 
2 6 
26 72 
60 99 
68 54 
53 23 
8 47 
39 21 
6 56 
59 34 
97 83 
80 2 
62 65 
45 50 
43 16 
41 86 
13 36 
8 6 
76 91 
59 27 
1 22 
7 7 
58 85 
19 42 
36 82 
22 59 
15 3 
57 82 
23 36 
21 45 
84 8 
28 30 
49 78 
8 76 
27 99 
26 9 
6 59 
35 78 
79 72 
90 60 
7 50 
18 8 
100 60 
36 37 
15 64 
100 89 
45 31 
92 69 
4 37 
98 18 
95 4 
97 41 
46 54 
10 49 
97 6 
51 74 
45 84 
15 17 
76 17 
40 18 
76 48 
73 93 
79 94 
42 63 
29 46 
13 79 
50 76 
23 94 
4 22 
54 43 
81 15 
34 51 
80 68 
74 74 
74 30 
24 28 
36 38 
35 87 
87 99 
83 61 
78 66 
59 73 
33 32 
74 72 
77 29 
7 49 
17 1 
93 83 
53 28 
89 22 
32 16 
19 68 
8 26 
67 76 
27 64 
26 49 
98 83 
49 29 
2 56 
38 77 
4 36 
55 77 
20 80 
37 73 
29 81 
43 45 
57 81 
31 83 
100 21 
64 52 
83 81 
60 88 
39 52 
54 85 
100 6 
54 21 
77 3 
93 9 
69 5 
24 75 
91 76 
80 6 
4 46 
47 38 
84 37 
12 52 
65 80 
24 1 
100 33 
79 93 
50 38 
28 30 
65 37 
74 20 
36 2 
51 76 
95 14 
95 56 
62 79 
86 73 
54 3 
59 59 
29 60 
98 68 
58 30 
20 71 
25 46 
93 77 
78 24 
72 15 
96 15 
49 10 
9 69 
69 12 
84 20 
19 18 
82 8 
49 47 
63 59 
10 42 
50 38 
8 71 
28 12 
63 92 
3 57 
6 20 
46 21 
6 7 
66 45 
20 25 
7 49 
4 65 
50 30 
9 64 
23 8 
12 60 
95 66 
60 36 
54 69 
51 45 
24 61 
53 5 
90 53 
56 62 
31 45 
73 31 
38 2 
9 61 
47 69 
89 66 
11 93 
26 13 
44 74 
11 49 
55 73 
86 31 
5 26 
48 99 
90 83 
15 86 
90 36 
90 56 
41 51 
46 10 
76 24 
15 56 
39 85 
31 61 
94 61 
14 29 
44 12 
98 67 
71 91 
7 63 
12 32 
44 38 
65 36 
85 75 
55 14 
32 15 
82 30 
97 18 
19 63 
7 97 
32 24 
3 55 
65 16 
4 7 
56 4 
17 42 
25 55 
70 99 
81 55 
61 34 
80 21 
79 43 
32 72 
59 14 
16 85 
79 19 
100 47 
38 78 
26 70 
98 31 
1 13 
30 3 
98 63 
24 50 
19 62 
88 22 
97 86 
77 70 
91 3 
41 17 
35 93 
54 47 
85 79 
1 3 
77 35 
78 73 
70 26 
52 56 
15 10 
47 78 
2 75 
16 68 
13 85 
67 59 
8 60 
3 31 
55 85 
6 87 
3 94 
83 66 
1 15 
57 30 
45 77 
93 54 
14 3 
5 66 
48 100 
89 93 
5 90 
67 72 
29 87 
10 33 
73 61 
19 91 
81 50 
62 12 
54 29 
2 21 
72 75 
17 46 
85 52 
72 83 
59 76 
39 12 
41 71 
92 30 
18 94 
6 10 
47 5 
80 42 
4 15 
80 5 
78 63 
61 40 
70 10 
90 63 
59 73 
77 75 
19 66 
1 76 
61 31 
15 37 
75 25 
86 72 
60 1 
8 96 
60 34 
34 44 
66 97 
8 20 
6 13 
9 12 
50 65 
38 27 
48 90 
87 71 
21 12 
88 45 
50 12 
25 49 
86 53 
59 44 
51 37 
97 33 
32 56 
49 58 
99 33 
10 98 
12 3 
30 83 
40 83 
64 52 
58 54 
84 78 
58 2 
77 3 
23 47 
42 45 
76 95 
11 69 
65 100 
6 19 
80 31 
50 63 
57 96 
99 87 
9 62 
24 8 
63 89 
71 68 
31 7 
72 100 
50 72 
34 3 
37 84 
78 94 
81 25 
36 76 
61 40 
66 65 
82 80 
36 68 
85 63 
33 66 
66 94 
21 47 
32 71 
56 44 
2 56 
61 62 
43 56 
97 51 
14 35 
13 63 
48 90 
46 2 
69 39 
28 49 
43 42 
49 98 
88 28 
39 37 
75 60 
94 67 
80 7 
97 66 
83 65 
48 18 
95 38 
30 90 
34 37 
18 93 
28 92 
97 74 
95 37 
42 18 
90 7 
19 30 
34 43 
94 68 
9 33 
8 36 
45 64 
1 40 
2 77 
69 36 
73 57 
91 24 
30 33 
44 63 
81 83 
21 64 
34 7 
64 49 
87 56 
14 32 
5 35 
55 62 
43 94 
62 91 
60 16 
96 93 
49 67 
45 49 
78 90 
7 85 
86 37 
13 50 
70 14 
4 52 
62 74 
72 59 
39 21 
66 90 
7 84 
50 54 
79 15 
31 3 
65 93 
40 76 
18 15 
53 56 
90 27 
61 86 
28 9 
64 100 
87 48 
25 8 
38 70 
41 44 
13 7 
1 34 
54 87 
30 80 
91 12 
93 40 
30 55 
81 97 
32 24 
56 70 
95 46 
94 13 
21 35 
36 70 
9 2 
48 98 
51 54 
93 20 
25 46 
37 87 
45 48 
63 62 
39 77 
60 84 
38 12 
8 60 
62 14 
79 81 
59 39 
24 79 
57 42 
18 33 
87 87 
5 19 
73 87 
29 12 
81 94 
20 71 
42 85 
96 3 
19 51 
30 24 
88 36 
90 8 
76 18 
87 51 
67 100 
4 45 
89 26 
28 93 
80 11 
6 21 
65 29 
54 69 
58 46 
21 65 
89 90 
1 26 
95 29 
89 51 
30 56 
72 7 
81 60 
32 25 
27 76 
74 23 
23 63 
20 75 
43 45 
59 24 
5 82 
60 70 
12 78 
59 32 
11 37 
68 42 
58 34 
47 31 
79 37 
93 85 
34 16 
36 18 
37 34 
43 29 
88 27 
48 6 
30 73 
86 65 
77 90 
7 21 
16 19 
99 70 
38 77 
58 38 
87 81 
77 100 
54 31 
21 69 
34 73 
38 53 
83 84 
19 37 
64 44 
23 22 
41 25 
15 27 
14 23 
34 83 
76 89 
41 12 
47 27 
22 51 
83 66 
95 33 
51 91 
12 7 
51 39 
23 22 
92 90 
38 82 
42 13 
75 13 
72 12 
4 29 
89 67 
91 98 
61 81 
61 70 
35 22 
29 70 
23 19 
43 61 
43 32 
10 56 
88 21 
77 94 
72 90 
77 65 
91 85 
64 34 
85 26 
29 25 
60 97 
81 40 
27 44 
1 81 
45 53 
20 6 
1 65 
12 48 
21 73 
95 11 
9 83 
77 91 
62 34 
27 33 
35 100 
90 74 
63 99 
95 45 
43 91 
96 84 
41 39 
42 68 
38 85 
78 39 
32 49 
98 2 
34 87 
97 79 
14 92 
84 62 
48 18 
11 79 
72 82 
68 98 
66 43 
90 29 
38 56 
40 60 
44 15 
46 16 
35 21 
87 1 
74 17 
78 66 
48 75 
16 16 
54 90 
34 96 
22 91 
76 100 
96 34 
39 89 
71 34 
45 23 
33 55 
5 19 
16 72 
80 53 
30 3 
93 27 
57 76 
55 36 
94 40 
9 94 
59 63 
84 7 
43 48 
79 44 
100 15 
89 82 
43 95 
10 88 
92 31 
36 66 
99 48 
18 94 
6 27 
38 23 
30 19 
22 24 
32 93 
6 40 
53 18 
40 90 
29 72 
49 47 
60 68 
9 59 
39 40 
4 21 
54 8 
35 98 
15 86 
80 64 
84 34 
89 94 
78 44 
54 87 
65 87 
88 2 
28 78 
50 50 
45 1 
55 95 
1 93 
85 52 
22 31 
12 93 
84 81 
64 59 
8 25 
49 16 
100 89 
41 74 
96 59 
60 41 
59 13 
63 7 
49 60 
41 67 
94 29 
60 93 
74 90 
42 91 
66 13 
73 7 
84 78 
30 62 
56 33 
4 100 
67 55 
87 91 
28 39 
79 41 
97 21 
26 7 
24 97 
41 18 
44 76 
99 23 
32 6 
40 37 
64 60 
18 64 
2 7 
78 67 
81 5 
75 87 
12 81 
81 26 
26 88 
95 96 
11 25 
73 54 
57 57 
66 63 
35 70 
88 92 
34 76 
51 2 
36 57 
77 42 
37 85 
40 96 
43 92 
62 88 
73 85 
99 35 
30 45 
42 76 
33 58 
37 71 
14 79 
23 78 
17 13 
23 42 
59 35 
34 52 
46 17 
24 96 
33 85 
59 98 
71 73 
11 87 
84 2 
46 65 
89 96 
63 13 
25 71 
31 68 
71 95 
21 54 
8 33 
53 48 
15 73 
38 29 
13 69 
22 54 
36 35 
81 12 
66 15 
36 88 
69 13 
21 8 
75 75 
83 43 
69 42 
27 74 
20 5 
24 85 
2 96 
6 58 
74 56 
20 74 
58 29 
10 75 
11 33 
96 55 
17 94 
81 99 
45 24 
77 46 
96 88 
33 88 
1 56 
83 22 
65 73 
20 57 
21 32 
30 34 
84 51 
80 1 
89 4 
85 6 
74 56 
9 39 
27 55 
44 71 
76 20 
23 92 
94 22 
16 45 
36 57 
51 18 
8 88 
76 29 
2 31 
81 83 
32 49 
6 70 
95 9 
86 79 
90 95 
46 94 
73 72 
82 67 
19 68 
48 89 
44 93 
97 3 
44 61 
57 24 
12 20 
1 60 
90 5 
3 33 
77 28 
45 31 
46 44 
46 21 
79 95 
38 81 
27 73 
75 56 
24 89 
73 16 
44 61 
56 68 
77 78 
75 97 
19 33 
62 23 
49 79 
5 37 
42 46 
79 8 
43 8 
5 97 
55 33 
70 35 
30 45 
66 78 
67 44 
19 92 
5 97 
12 32 
67 61 
66 64 
5 48 
76 25 
41 15 
49 98 
13 24 
88 7 
88 98 
13 24 
89 74 
11 16 
90 42 
73 50 
51 22 
57 12 
31 19 
12 87 
7 64 
23 41 
73 28 
76 5 
63 16 
100 58 
75 57 
95 3 
43 36 
99 90 
51 78 
70 80 
29 4 
7 86 
76 65 
30 34 
84 30 
19 11 
12 28 
26 30 
28 50 
6 53 
55 40 
60 63 
20 34 
97 98 
72 33 
95 9 
85 31 
98 37 
85 10 
15 18 
73 84 
15 14 
2 31 
54 9 
67 37 
29 80 
6 50 
94 33 
30 97 
4 71 
12 93 
24 67 
36 33 
40 30 
14 79 
49 33 
81 33 
33 81 
91 81 
16 52 
35 12 
9 55 
83 49 
41 13 
45 95 
85 64 
9 72 
16 84 
35 14 
29 45 
11 61 
48 50 
61 50 
91 1 
88 19 
30 48 
83 30 
40 49 
73 36 
34 80 
6 62 
43 83 
55 6 
8 41 
53 29 
68 51 
49 69 
92 28 
36 39 
10 23 
99 18 
53 93 
27 62 
12 74 
85 20 
82 34 
13 58 
31 43 
100 66 
28 12 
17 66 
92 4 
40 26 
84 96 
7 50 
62 40 
94 82 
80 19 
75 81 
73 84 
65 80 
86 77 
53 54 
93 17 
34 31 
93 1 
17 42 
37 61 
21 77 
57 64 
75 33 
45 73 
45 23 
21 62 
52 98 
31 19 
74 33 
76 3 
76 28 
43 55 
19 6 
39 84 
83 78 
68 30 
84 69 
3 29 
95 17 
60 33 
64 37 
52 42 
74 77 
20 8 
25 86 
74 25 
27 87 
61 24 
71 76 
43 96 
97 27 
25 47 
84 41 
50 31 
41 100 
50 10 
42 38 
96 90 
22 7 
79 45 
85 28 
21 5 
68 46 
1 35 
23 11 
55 33 
86 29 
11 20 
88 61 
35 67 
27 71 
88 77 
52 6 
35 96 
70 5 
17 4 
24 72 
28 77 
5 54 
65 77 
4 55 
60 5 
91 4 
84 21 
7 86 
67 83 
35 99 
1 75 
90 23 
18 31 
62 47 
53 61 
58 49 
46 75 
23 73 
1 78 
67 8 
34 40 
5 100 
73 11 
38 74 
79 27 
84 70 
2 77 
89 24 
40 2 
51 14 
45 62 
79 56 
70 57 
55 50 
56 12 
34 25 
5 55 
37 34 
95 78 
76 53 
78 91 
51 73 
75 30 
91 9 
96 28 
90 8 
51 93 
93 24 
89 85 
94 35 
81 70 
78 85 
56 86 
10 15 
28 76 
34 59 
56 33 
11 86 
77 15 
38 50 
73 100 
36 70 
13 72 
48 40 
54 93 
40 91 
86 68 
58 9 
58 83 
50 85 
100 91 
91 48 
6 63 
25 58 
90 11 
26 5 
25 67 
57 70 
66 8 
91 22 
12 50 
34 69 
2 42 
63 20 
74 7 
94 99 
2 39 
26 66 
3 65 
5 19 
61 85 
27 73 
48 33 
7 73 
71 80 
20 28 
48 21 
73 5 
5 94 
4 94 
75 56 
2 92 
33 70 
93 54 
58 52 
15 8 
71 93 
23 87 
22 71 
13 23 
65 12 
54 9 
14 81 
32 69 
60 66 
93 79 
96 75 
59 47 
78 79 
51 99 
80 97 
40 81 
78 52 
14 24 
32 76 
21 54 
95 82 
70 82 
18 37 
88 16 
99 1 
4 62 
24 59 
70 65 
16 70 
17 91 
39 85 
95 43 
64 80 
15 80 
95 2 
24 19 
12 70 
57 76 
9 9 
89 41 
2 95 
93 84 
53 72 
79 66 
42 42 
37 93 
61 67 
26 29 
68 52 
73 75 
9 88 
27 17 
53 27 
14 23 
39 57 
71 1 
68 21 
98 37 
22 92 
51 27 
52 73 
34 50 
39 20 
61 24 
63 17 
5 1 
15 21 
94 62 
72 17 
3 36 
93 50 
44 53 
32 31 
65 62 
45 41 
51 54 
94 12 
50 14 
53 11 
32 93 
48 61 
12 9 
26 6 
18 48 
4 44 
68 14 
44 60 
3 43 
92 18 
40 25 
30 57 
99 16 
15 24 
100 16 
72 66 
82 25 
96 67 
96 81 
17 55 
23 89 
23 85 
40 77 
64 47 
55 39 
41 44 
53 11 
7 61 
22 2 
81 70 
29 97 
100 7 
45 83 
63 22 
9 39 
51 92 
14 34 
65 48 
7 89 
42 89 
54 60 
84 79 
46 3 
39 18 
97 64 
30 19 
51 29 
42 12 
35 74 
52 22 
79 64 
24 76 
92 79 
35 51 
14 4 
9 93 
49 24 
31 71 
91 9 
65 9 
65 50 
11 73 
5 41 
61 26 
66 53 
71 18 
55 26 
100 64 
34 68 
59 38 
13 94 
17 9 
21 35 
25 97 
72 53 
77 62 
74 42 
97 68 
66 39 
90 45 
75 38 
100 96 
25 76 
7 64 
65 43 
24 34 
18 45 
65 94 
52 27 
37 49 
31 94 
72 36 
63 60 
23 7 
56 49 
92 9 
13 82 
40 97 
73 22 
69 98 
47 43 
31 81 
76 79 
76 63 
19 23 
70 16 
66 61 
90 62 
75 49 
7 94 
83 9 
67 13 
26 49 
85 14 
1 82 
73 23 
56 97 
62 52 
95 71 
46 51 
1 72 
100 69 
58 26 
46 85 
63 74 
22 32 
76 48 
64 7 
78 4 
79 50 
49 84 
83 48 
75 94 
7 80 
100 51 
43 44 
76 63 
51 2 
54 47 
91 60 
68 25 
19 70 
73 65 
62 16 
12 10 
99 53 
41 93 
37 100 
1 10 
66 84 
32 45 
73 55 
98 64 
27 89 
78 80 
65 10 
85 90 
7 65 
72 58 
48 51 
66 93 
69 96 
21 33 
33 22 
60 37 
18 32 
26 9 
95 45 
37 1 
82 42 
7 6 
52 96 
47 81 
43 47 
91 58 
21 42 
10 80 
76 98 
32 76 
46 58 
99 60 
30 90 
8 48 
33 68 
58 46 
48 97 
37 62 
66 88 
27 38 
27 67 
88 3 
38 86 
23 77 
28 23 
74 31 
66 71 
18 24 
51 3 
59 22 
63 30 
38 64 
83 80 
14 47 
86 28 
6 85 
13 24 
85 29 
11 65 
97 26 
70 41 
7 18 
56 18 
82 60 
11 93 
9 54 
10 72 
12 8 
37 100 
90 61 
54 25 
35 76 
86 59 
98 91 
9 84 
93 71 
65 97 
94 2 
63 12 
88 82 
52 70 
84 90 
57 90 
61 55 
49 47 
83 7 
42 4 
3 55 
56 45 
69 99 
31 13 
95 66 
21 97 
41 81 
34 96 
4 94 
23 99 
55 23 
94 11 
7 36 
70 4 
64 84 
49 79 
29 8 
47 98 
95 94 
32 8 
100 53 
70 61 
35 66 
65 80 
19 43 
25 50 
32 1 
23 83 
56 79 
88 82 
23 9 
46 61 
20 44 
90 63 
43 91 
70 62 
19 27 
24 38 
20 52 
46 65 
53 65 
94 75 
64 89 
59 72 
70 75 
78 85 
33 87 
44 97 
23 54 
18 68 
76 22 
16 23 
89 74 
10 34 
71 41 
66 64 
52 40 
82 65 
78 34 
62 86 
29 97 
73 34 
75 80 
82 53 
40 97 
61 23 
66 47 
59 79 
8 34 
86 41 
67 94 
93 31 
21 3 
40 24 
49 94 
50 51 
15 60 
97 33 
74 82 
44 59 
77 73 
9 49 
58 17 
87 12 
11 18 
6 29 
5 36 
82 57 
51 84 
16 50 
95 23 
46 17 
43 58 
13 33 
79 4 
12 92 
57 91 
78 31 
13 3 
52 82 
49 7 
90 94 
92 70 
37 78 
42 86 
76 24 
40 74 
29 43 
85 87 
51 18 
72 33 
29 84 
66 53 
50 79 
6 8 
96 70 
23 51 
44 95 
49 53 
9 93 
68 11 
71 3 
71 58 
57 98 
93 27 
96 2 
12 14 
61 13 
17 37 
3 66 
67 32 
44 31 
89 41 
55 87 
91 55 
96 87 
24 55 
86 85 
29 94 
80 40 
55 4 
6 76 
11 4 
58 89 
97 60 
15 14 
84 69 
20 20 
79 96 
98 62 
19 72 
12 92 
39 5 
76 79 
26 48 
71 38 
2 59 
22 16 
83 26 
75 88 
25 55 
40 20 
2 51 
28 78 
26 34 
75 56 
14 77 
62 17 
99 56 
60 74 
95 76 
34 64 
1 5 
49 8 
7 84 
73 54 
1 41 
6 86 
38 7 
52 46 
28 35 
28 53 
60 54 
73 91 
59 85 
40 45 
13 93 
89 28 
72 67 
81 47 
26 68 
62 45 
81 4 
86 81 
69 91 
3 85 
19 84 
21 35 
95 71 
70 29 
17 92 
94 9 
17 50 
58 94 
63 7 
12 34 
35 9 
13 80 
70 11 
60 22 
57 58 
71 87 
96 16 
90 8 
20 57 
93 43 
66 10 
43 23 
23 63 
9 32 
74 71 
52 28 
46 85 
85 21 
33 98 
66 54 
54 62 
19 85 
50 90 
12 61 
50 47 
73 15 
40 91 
88 96 
17 21 
6 21 
30 5 
83 36 
45 37 
94 29 
61 26 
11 10 
67 63 
65 68 
64 43 
61 69 
93 72 
26 41 
81 84 
70 56 
25 12 
94 64 
55 6 
94 96 
79 25 
17 4 
78 61 
87 93 
17 8 
54 82 
77 73 
63 17 
22 73 
32 7 
70 23 
6 66 
55 81 
51 70 
87 69 
89 87 
80 19 
85 53 
85 52 
62 13 
86 86 
76 17 
51 13 
44 38 
22 60 
60 28 
40 21 
81 94 
81 31 
45 93 
20 4 
92 86 
18 20 
60 90 
62 50 
45 98 
2 30 
43 9 
44 21 
1 29 
18 22 
33 62 
76 93 
60 74 
63 87 
59 80 
30 55 
48 66 
61 67 
72 35 
24 93 
19 62 
3 19 
58 65 
12 62 
86 25 
57 9 
82 64 
87 41 
66 18 
8 19 
59 31 
18 61 
35 95 
11 99 
32 59 
49 79 
70 30 
4 35 
32 78 
59 22 
36 93 
80 95 
24 77 
84 41 
66 69 
9 100 
54 25 
98 86 
23 86 
99 86 
37 13 
53 84 
90 33 
6 29 
41 72 
73 21 
25 56 
71 14 
41 66 
70 9 
67 22 
92 59 
56 23 
60 91 
77 65 
67 42 
93 34 
45 49 
42 46 
3 20 
10 5 
7 97 
81 90 
75 18 
73 37 
84 41 
93 72 
5 99 
1 8 
39 66 
8 18 
97 38 
33 9 
36 54 
29 24 
26 13 
49 51 
48 32 
60 62 
82 30 
27 69 
92 22 
3 6 
58 69 
97 27 
36 71 
31 55 
75 45 
18 13 
64 96 
52 79 
70 72 
38 96 
11 68 
63 41 
32 59 
27 40 
21 58 
48 93 
94 87 
77 5 
73 24 
70 10 
31 87 
71 16 
49 40 
63 83 
98 82 
46 26 
27 72 
36 67 
49 75 
40 54 
8 51 
95 50 
57 17 
11 53 
29 71 